username = jvgw34
problem code = GC
graph = GCGraphA.txt with (|V|,|E|) = (128,3216)
colours to use = 40
algorithm code = FF
associated parameters [n, num_cyc, N, lambbda, alpha] = [128, 99999, 40, 0.005, 0.5]
conflicts = 3
elapsed time = 59.6
date-time = 12/12/2024-02:01:08
certificate = 3205
3,12,40,14,32,34,18,31,28,5,36,22,31,15,2,4,5,2,20,29,37,23,25,20,6,37,23,9,22,37,29,38,29,31,10,38,16,38,23,10,
20,21,4,19,17,14,20,26,26,26,20,39,34,28,31,12,5,27,16,39,34,17,28,6,25,24,5,9,1,25,11,39,35,30,17,6,13,15,27,11,
12,4,7,2,39,32,40,16,33,14,1,18,4,18,26,13,38,10,4,12,11,36,33,30,19,21,22,22,35,1,8,28,18,28,24,12,37,25,8,1,
36,19,6,8,16,3,8,17,
